346
876
5668
554
68
4614
63
262
5863
8
8
594
42688
542
5177
9
329
484
115
5652
12
2975
89
732
6
35
942
6
9432
33
3
46
5
334
8
389
51
58
73
2
55
6
33
2
67
857
4
78
13
74151
212
944
2
741
223
52
7
6
631
5
534
46
9
28
61
65
6
58
14
8
15
376
9432
92
46
883
149
9489
3
4
964
83
54
697
33
595
5
26
8
114
8
8
726
675
32
74
11
154
8155
9213
2
58
8
6
46
37
4
9
45861
3
9
13
728
728
883
85
376
5
612
6789
12
86
81
96
575
61
4
91
2
616
665
26
4
733
78
74683
728
96
8612
3887
61
8232
3986
9643
8
22
47
13
545
296
283
64668
84
118
29
6
887
42
199
52
71
73
922
6
876
7714
371
591
3
677
65
77
214
443
1
446
166
1522
21
15
1
283
3
89
4687
3
4
5
8
866
5648
9
77
9
98
55
1
4
4931
9
832
763
7843
89866
113
832
729
77
275
812
17839
4
1
558
3
6
2492
5
593
59
65
9
7
5
9
24
87
89
1
14
3549
8729
541
4
3
2541
52
4234
21
2842
94
83
64
5
81
26799
563
7239
22
61
51
7
5
814
3
147
55839
675
2
97
2523
424
8
1
9
822
59
7
51
31755
2
4
7
114
16979
1831
244
49
2244
7
29687
58
96
56
372
6
7
16
24
6
36942
9147
76
34
3666
78
1
51
1
7
9922
9345
7
664
61
96
6
8311
4959
9
726
9
46
8
37
46841
98
259
1
5
221
38
83
8
9
58
1
16
7
884
163
92
6
98
513
6
928
3
58
38
35
649
165
712
33
355
9
66
94
1575
577
5394
4
177
2
92275
66
77
655
356
5
4
65
3519
79
67
3
5
67
3
123
525
5419
672
858
3
5668
8
6
17
9
265
5
73934
3
1
154
48
3
5991
8134
4
58
9
394
652
55
938
7
9
18
89
32392
4
367
44
74
3775
7
6
725
47659
13
25
386
94
12
1
69
57756
357
61
348
49
373
69
85
92
6
84
4
83
2
23
43
64
3
165
8
99
1
9
38
1
8
564
16
75
2329
4182
547
497
355
143221
1559
8
86
12
1617
6
2
5
6537
2
2227
9631
45
37
59
42
51
722
3423
4487
77
5519
447
89
263
727
548
1
461
9
41
8
31
161
25
15
475
5
666
78
3
7
1
6
9216
2
811
55
817
165
6
4
5
2994
3367
311
48
81
8
21
9
6
15
8714
81
5
599
26
9442
98
92
8
5211
723
45
47
3
5
3
57
841
31
9
2
6158
1
9882
4169
9988
5969
6
852
7
2
363
8
8
3
18
9
36
477
46
283
975
94
2
461
6
9
1
8
8
2194
6
3
743
8365
4
44351
45
99
39
993
49258
679
1
3
7
248
5
4677
98
88
476
4
585
3656
42
739
37
712
6
12
6
82951
688
844
86
5352
476
5
88
3
494
31
56
6
7
87839
978
128
6
862
7226
3262
651
5
4
957
6
5352
2
3
614
4
9
52
88
862
368
8
9
267
526
5
8
2
2513
1
64
412
914
5
662
7
42
54
9
3
2894
789
26
77
3
214
58
4
82688
7
31
15
73
737
962
9
516
478
6
9694
48
4862
5
5
75
29
813
6
399
441
24212
189
63
8
6473
7
8
7
38
41679
121
49
84
52665
7
18
4384
96299
6
6
5794
14
7
327
663
473755
282954
87
29
7
685
24
963
3
5
349
29
452
2
62
11
45
3
6
7
8
96
1
36
7557
62
47
3
4
86
39
3
5
4
95
14
3178
4
9
7796
4892
6
24
75
8
58
6
21
38116
7
5
73
1
76
438
88
225
96
4
2
2
73
346
872
15
9
2
53
67
51
435
7
3
79
21
3
7
8714
51
47
93
465
35
46
554
84
58
11471
363
75
2
9
82
48
6697
7
4698
6
62
95
1
41
8244
74
6661
521
7563
2
91
879
6
22
38
143
76224
94
3
5
15
719
33
9
26658
13
77
73
31
3
82
6727
3132
2
5
19
28
9
7
3
25
2376
4
21
49
45
865
4217
528322
78
1
794
6
35
87
2
6
51415
7649
5469
3
85
44
71196
378
5
63
37251
487
3
1
262
961
89
55
5
4
94
87
528
56
1
1172
4
33
69
56363
5
7951
522
936
65
8
7
74
3
99518
8
11
17
3875
168
32
511
65
667
28
1499
1
23
66
4
57
148
22
284
513
4129
29
4
1
119
7
75
8
7
18
53
1
63
66
6
33
21552
38
9
514729
9914
344
182
3
3821
958
3
9
752
2
95
3
83879
5
53
3
597
3
1939
28
1
47
47
8952
97669
3261
2599
8
63
25
4927
8
7
646739
1
924
2
6
48
68
464
336
28
99
4
1
87
71
4
145
6171
5
4
3
38
17
