36
86
58
54
68
44
63
22
53
88
88
54
48
52
57
99
39
44
15
52
12
25
89
72
66
35
92
66
92
33
33
46
55
34
88
39
51
58
73
22
55
66
33
22
67
87
44
78
13
71
22
94
22
71
23
52
77
66
61
55
54
46
99
28
61
65
66
58
14
88
15
36
92
92
46
83
19
99
33
44
94
83
54
67
33
55
55
26
88
14
88
88
76
65
32
74
11
14
85
93
22
58
88
66
46
37
44
99
41
33
99
13
78
78
83
85
36
55
62
69
12
86
81
96
55
61
44
91
22
66
65
26
44
73
78
73
78
96
82
37
61
82
36
93
88
22
47
13
55
26
23
68
84
18
29
66
87
42
19
52
71
73
92
66
86
74
31
51
33
67
65
77
24
43
11
46
16
12
21
15
11
23
33
89
47
33
44
55
88
86
58
99
77
99
98
55
11
44
41
99
82
73
73
86
13
82
79
77
25
82
19
44
11
58
33
66
22
55
53
59
65
99
77
55
99
24
87
89
11
14
39
89
51
44
33
21
52
44
21
22
94
83
64
55
81
29
53
79
22
61
51
77
55
84
33
17
59
65
22
97
23
44
88
11
99
82
59
77
51
35
22
44
77
14
19
11
24
49
24
77
27
58
96
56
32
66
77
16
24
66
32
97
76
34
36
78
11
51
11
77
92
95
77
64
61
96
66
81
49
99
76
99
46
88
37
41
98
29
11
55
21
38
83
88
99
58
11
16
77
84
13
92
66
98
53
66
98
33
58
38
35
69
15
72
33
35
99
66
94
15
57
54
44
17
22
95
66
77
65
36
55
44
65
39
79
67
33
55
67
33
13
55
59
62
88
33
58
88
66
17
99
25
55
74
33
11
14
48
33
51
84
44
58
99
34
62
55
98
77
99
18
89
32
44
37
44
74
35
77
66
75
49
13
25
36
94
12
11
69
56
37
61
38
49
33
69
85
92
66
84
44
83
22
23
43
64
33
15
88
99
11
99
38
11
88
54
16
75
29
42
57
47
35
11
19
88
86
12
17
66
22
55
67
22
27
91
45
37
59
42
51
72
33
47
77
59
47
89
23
77
58
11
41
99
41
88
31
11
25
15
45
55
66
78
33
77
11
66
96
22
81
55
87
15
66
44
55
24
37
31
48
81
88
21
99
66
15
84
81
55
59
26
92
98
92
88
51
73
45
47
33
55
33
57
81
31
99
22
68
11
92
49
98
59
66
82
77
22
33
88
88
33
18
99
36
47
46
23
95
94
22
41
66
99
11
88
88
24
66
33
73
85
44
41
45
99
39
93
48
69
11
33
77
28
55
47
98
88
46
44
55
36
42
79
37
72
66
12
66
81
68
84
86
52
46
55
88
33
44
31
56
66
77
89
98
18
66
82
76
32
61
55
44
97
66
52
22
33
64
44
99
52
88
82
38
88
99
27
56
55
88
22
23
11
64
42
94
55
62
77
42
54
99
33
24
79
26
77
33
24
58
44
88
77
31
15
73
77
92
99
56
48
66
94
48
42
55
55
75
29
83
66
39
41
22
19
63
88
63
77
88
77
38
49
11
49
84
55
77
18
44
99
66
66
54
14
77
37
63
45
24
87
29
77
65
24
93
33
55
39
29
42
22
62
11
45
33
66
77
88
96
11
36
77
62
47
33
44
86
39
33
55
44
95
14
38
44
99
76
42
66
24
75
88
58
66
21
36
77
55
73
11
76
48
88
25
96
44
22
22
73
36
82
15
99
22
53
67
51
45
77
33
79
21
33
77
84
51
47
93
45
35
46
54
84
58
11
33
75
22
99
82
48
67
77
48
66
62
95
11
41
84
74
61
51
73
22
91
89
66
22
38
13
74
94
33
55
15
79
33
99
28
13
77
73
31
33
82
67
32
22
55
19
28
99
77
33
25
26
44
21
49
45
85
47
52
78
11
74
66
35
87
22
66
55
79
59
33
85
44
76
38
55
63
31
47
33
11
22
91
89
55
55
44
94
87
58
56
11
12
44
33
69
53
55
71
52
96
65
88
77
74
33
98
88
11
17
35
18
32
51
65
67
28
19
11
23
66
44
57
18
22
24
53
49
29
44
11
19
77
75
88
77
18
53
11
63
66
66
33
22
38
99
59
94
34
12
33
31
98
33
99
72
22
95
33
89
55
53
33
57
33
19
28
11
47
47
82
99
31
29
88
63
25
47
88
77
69
11
94
22
66
48
68
44
36
28
99
44
11
87
71
44
15
61
55
44
33
38
17
