36
86
58
54
68
44
63
22
53
8
8
54
48
52
57
9
39
44
15
52
12
25
89
72
6
35
92
6
92
33
3
46
5
34
8
39
51
58
73
2
55
6
33
2
67
87
4
78
13
71
22
94
2
71
23
52
7
6
61
5
54
46
9
28
61
65
6
58
14
8
15
36
92
92
46
83
19
99
3
4
94
83
54
67
33
55
5
26
8
14
8
8
76
65
32
74
11
14
85
93
2
58
8
6
46
37
4
9
41
3
9
13
78
78
83
85
36
5
62
69
12
86
81
96
55
61
4
91
2
66
65
26
4
73
78
73
78
96
82
37
61
82
36
93
8
22
47
13
55
26
23
68
84
18
29
6
87
42
19
52
71
73
92
6
86
74
31
51
3
67
65
77
24
43
1
46
16
12
21
15
1
23
3
89
47
3
4
5
8
86
58
9
77
9
98
55
1
4
41
9
82
73
73
86
13
82
79
77
25
82
19
4
1
58
3
6
22
5
53
59
65
9
7
5
9
24
87
89
1
14
39
89
51
4
3
21
52
44
21
22
94
83
64
5
81
29
53
79
22
61
51
7
5
84
3
17
59
65
2
97
23
44
8
1
9
82
59
7
51
35
2
4
7
14
19
11
24
49
24
7
27
58
96
56
32
6
7
16
24
6
32
97
76
34
36
78
1
51
1
7
92
95
7
64
61
96
6
81
49
9
76
9
46
8
37
41
98
29
1
5
21
38
83
8
9
58
1
16
7
84
13
92
6
98
53
6
98
3
58
38
35
69
15
72
33
35
9
66
94
15
57
54
4
17
2
95
66
77
65
36
5
4
65
39
79
67
3
5
67
3
13
55
59
62
88
3
58
8
6
17
9
25
5
74
3
1
14
48
3
51
84
4
58
9
34
62
55
98
7
9
18
89
32
4
37
44
74
35
7
6
75
49
13
25
36
94
12
1
69
56
37
61
38
49
33
69
85
92
6
84
4
83
2
23
43
64
3
15
8
99
1
9
38
1
8
54
16
75
29
42
57
47
35
11
19
8
86
12
17
6
2
5
67
2
27
91
45
37
59
42
51
72
33
47
77
59
47
89
23
77
58
1
41
9
41
8
31
11
25
15
45
5
66
78
3
7
1
6
96
2
81
55
87
15
6
4
5
24
37
31
48
81
8
21
9
6
15
84
81
5
59
26
92
98
92
8
51
73
45
47
3
5
3
57
81
31
9
2
68
1
92
49
98
59
6
82
7
2
33
8
8
3
18
9
36
47
46
23
95
94
2
41
6
9
1
8
8
24
6
3
73
85
4
41
45
99
39
93
48
69
1
3
7
28
5
47
98
88
46
4
55
36
42
79
37
72
6
12
6
81
68
84
86
52
46
5
88
3
44
31
56
6
7
89
98
18
6
82
76
32
61
5
4
97
6
52
2
3
64
4
9
52
88
82
38
8
9
27
56
5
8
2
23
1
64
42
94
5
62
7
42
54
9
3
24
79
26
77
3
24
58
4
88
7
31
15
73
77
92
9
56
48
6
94
48
42
5
5
75
29
83
6
39
41
22
19
63
8
63
7
8
7
38
49
11
49
84
55
7
18
44
99
6
6
54
14
7
37
63
45
24
87
29
7
65
24
93
3
5
39
29
42
2
62
11
45
3
6
7
8
96
1
36
77
62
47
3
4
86
39
3
5
4
95
14
38
4
9
76
42
6
24
75
8
58
6
21
36
7
5
73
1
76
48
88
25
96
4
2
2
73
36
82
15
9
2
53
67
51
45
7
3
79
21
3
7
84
51
47
93
45
35
46
54
84
58
11
33
75
2
9
82
48
67
7
48
6
62
95
1
41
84
74
61
51
73
2
91
89
6
22
38
13
74
94
3
5
15
79
33
9
28
13
77
73
31
3
82
67
32
2
5
19
28
9
7
3
25
26
4
21
49
45
85
47
52
78
1
74
6
35
87
2
6
55
79
59
3
85
44
76
38
5
63
31
47
3
1
22
91
89
55
5
4
94
87
58
56
1
12
4
33
69
53
5
71
52
96
65
8
7
74
3
98
8
11
17
35
18
32
51
65
67
28
19
1
23
66
4
57
18
22
24
53
49
29
4
1
19
7
75
8
7
18
53
1
63
66
6
33
22
38
9
59
94
34
12
3
31
98
3
9
72
2
95
3
89
5
53
3
57
3
19
28
1
47
47
82
99
31
29
8
63
25
47
8
7
69
1
94
2
6
48
68
44
36
28
99
4
1
87
71
4
15
61
5
4
3
38
17
